14365.9 0 1 1   // sub(reg) m(reg) 
13428.6 0 1 1
13879.5 0 1 1
7453.6 0 1 2 
6947.5 0 1 2
7330.7 0 1 2
5033.8 0 1 3
4902.5 0 1 3
5104.3 0 1 3
13382.8 0 1 1 // sub(reg) m(reg+addr)
12640.9 0 1 1
13540.6 0 1 1
7728.6 0 1 2
7427.9 0 1 2
6759.8 0 1 2
5042.1 0 1 3
4983.3 0 1 3 
5001.7 0 1 3
13752.1 0 1 1 // sub(addr) m(reg+addr)
14160.4 0 1 1
13870.1 0 1 1
7539.2 0 1 2
6982.5 0 1 2
6983.8 0 1 2
4884.8 0 1 3
5189.1 0 1 3
4974.9 0 1 3
14221.8 0 1 1 // sub(reg, addr) m(reg)
13819.9 0 1 1 
14544.2 0 1 1
7403.2 0 1 2
7200.0 0 1 2
7725.6 0 1 2
4970.1 0 1 3
5401.3 0 1 3
5229.3 0 1 3
12553.6 0 1 1 // sub(reg, addr) m(reg+addr)
12949.5 0 1 1
13753.5 0 1 1
6890.1 0 1 2
6772.7 0 1 2
7086.8 0 1 2
5066.3 0 1 3
5072.9 0 1 3
5053.8 0 1 3
11317.4 1 1 1 // sub(reg) sub(addr) m(reg)
12100.2 1 1 1
11638.7 1 1 1
6157.4 1 1 2
6292.2 1 1 2
6183.0 1 1 2
4168.6 1 1 3
4129.0 1 1 3
4144.3 1 1 3
8514.2 0 2 1 // sub(reg) sub(addr) m(reg+addr)
8074.9 0 2 1
8409.6 0 2 1
4313.2 0 2 2
4319.2 0 2 2
4421.7 0 2 2
2964.3 0 2 3
2815.8 0 2 3
3017.6 0 2 3
9850.8 2 1 1 // sub(reg) sub(post) sub(addr) m(reg)
9731.1 2 1 1
9884.9 2 1 1
5210.5 2 1 2
5556.5 2 1 2
5380.2 2 1 2
3505.6 2 1 3
3337.3 2 1 3
3577.0 2 1 3
7452.7 1 2 1 // sub(reg) sub(post) sub(addr) m(reg+addr)
7465.8 1 2 1
7112.7 1 2 1
3734.3 1 2 2 
3824.1 1 2 2
3620.3 1 2 2
2599.4 1 2 3
2432.3 1 2 3
2530.4 1 2 3