3.38 2.49 Simple: 54 2.3 0.12
3.38 2.49 Simple: 25 2.3 0.14
3.38 2.49 Random: 50 2.3 0.12
3.38 2.48 Simple: 47 2.3 0.13
3.38 2.48 Simple: 24 2.3 0.14
3.38 2.5 Simple: 53 2.29 0.12
3.38 2.5 Simple: 52 2.29 0.12
3.38 2.5 Simple: 48 2.29 0.13
3.38 2.47 Simple: 26 2.3 0.14
3.38 2.5 Simple: 58 2.29 0.12
3.38 2.5 Simple: 55 2.29 0.12
3.38 2.5 Random: 8 2.29 0.12
3.38 2.5 Simple: 49 2.29 0.13
3.38 2.46 Simple: 59 2.3 0.13
3.38 2.46 Simple: 28 2.3 0.14
3.38 2.46 Simple: 40 2.3 0.13
3.38 2.46 Simple: 37 2.3 0.14
3.38 2.46 Simple: 44 2.3 0.13
3.38 2.46 Random: 25 2.3 0.11
3.38 2.51 Simple: 50 2.29 0.13
3.38 2.45 Simple: 36 2.3 0.14
3.38 2.45 Simple: 39 2.3 0.13
3.38 2.45 Simple: 41 2.3 0.13
3.38 2.45 Simple: 6 2.3 0.13
3.38 2.45 Simple: 62 2.3 0.13
3.38 2.45 Simple: 45 2.3 0.13
3.38 2.45 Simple: 42 2.3 0.13
3.38 2.45 Simple: 46 2.3 0.13
3.38 2.45 Random: 9 2.3 0.13
3.38 2.51 Simple: 51 2.29 0.12
3.38 2.45 Simple: 61 2.3 0.13
3.38 2.45 Simple: 5 2.3 0.14
3.38 2.51 Simple: 7 2.29 0.12
3.39 2.45 Simple: 38 2.3 0.14
3.39 2.45 Simple: 63 2.3 0.13
3.39 2.51 Simple: 56 2.29 0.12
3.39 2.44 Simple: 43 2.3 0.13
3.39 2.44 Simple: 60 2.3 0.13
3.39 2.44 Simple: 69 2.3 0.13
3.39 2.44 Random: 33 2.3 0.11
3.39 2.44 Simple: 64 2.3 0.13
3.39 2.51 Simple: 27 2.29 0.14
3.39 2.44 Random: 23 2.3 0.12
3.39 2.43 Simple: 35 2.3 0.14
3.39 2.43 Random: 68 2.3 0.13
3.39 2.43 Random: 35 2.3 0.12
3.39 2.43 Simple: 67 2.31 0.13
3.39 2.43 Simple: 68 2.31 0.13
3.39 2.43 Simple: 65 2.31 0.13
3.39 2.43 Simple: 71 2.31 0.13
3.39 2.43 Simple: 34 2.31 0.14
3.39 2.43 Random: 40 2.31 0.12
3.39 2.43 Simple: 70 2.31 0.13
3.39 2.42 Simple: 72 2.31 0.13
3.39 2.42 Simple: 66 2.31 0.13
3.39 2.42 Simple: 74 2.31 0.13
3.39 2.42 Simple: 29 2.31 0.14
3.39 2.42 Simple: 73 2.31 0.13
3.39 2.42 Random: 57 2.31 0.13
3.39 2.52 Simple: 23 2.29 0.14
3.39 2.52 Random: 14 2.29 0.11
3.39 2.53 Simple: 57 2.29 0.12
3.39 2.41 Simple: 75 2.31 0.13
3.4 2.4 Simple: 30 2.31 0.14
3.4 2.54 Random: 26 2.29 0.14
3.4 2.54 Random: 6 2.29 0.11
3.4 2.4 Simple: 32 2.31 0.14
3.4 2.4 Random: 27 2.31 0.13
3.4 2.4 Simple: 33 2.31 0.14
3.4 2.54 Simple: 21 2.29 0.14
3.4 2.4 Random: 17 2.31 0.15
3.4 2.4 Random: 30 2.31 0.15
3.4 2.39 Simple: 76 2.31 0.13
3.4 2.39 Random: 75 2.31 0.13
3.4 2.39 Random: 42 2.31 0.14
3.4 2.39 Random: 73 2.31 0.13
3.4 2.39 Simple: 31 2.31 0.14
3.41 2.39 Random: 31 2.31 0.12
3.41 2.38 Random: 29 2.32 0.16
3.41 2.38 Random: 62 2.32 0.13
3.41 2.38 Random: 74 2.32 0.13
3.41 2.38 Random: 58 2.32 0.12
3.41 2.38 Random: 65 2.32 0.13
3.41 2.57 Simple: 22 2.28 0.14
3.41 2.38 Random: 54 2.32 0.15
3.41 2.38 Random: 18 2.32 0.18
3.41 2.38 Random: 47 2.32 0.13
3.41 2.38 Random: 34 2.32 0.13
3.41 2.57 Simple: 18 2.28 0.14
3.41 2.38 Random: 79 2.32 0.14
3.42 2.38 Simple: 77 2.32 0.14
3.42 2.38 Random: 64 2.32 0.14
3.42 2.38 Random: 70 2.32 0.14
3.42 2.58 Simple: 17 2.28 0.14
3.42 2.58 Random: 20 2.28 0.13
3.42 2.38 Random: 51 2.32 0.15
3.42 2.38 Random: 59 2.32 0.14
3.42 2.38 Random: 63 2.32 0.15
3.42 2.58 Random: 5 2.28 0.11
3.42 2.37 Random: 69 2.32 0.14
3.42 2.37 Simple: 79 2.32 0.14
3.42 2.37 Random: 78 2.32 0.14
3.42 2.37 Simple: 78 2.32 0.14
3.42 2.37 Random: 43 2.32 0.16
3.42 2.37 Random: 66 2.32 0.14
3.43 2.37 Random: 24 2.32 0.15
3.43 2.37 Simple: 80 2.32 0.14
3.43 2.37 Random: 76 2.32 0.14
3.43 2.37 Random: 61 2.32 0.12
3.43 2.37 Random: 1 2.32 0
3.43 2.37 Random: 7 2.32 0.14
3.44 2.37 Random: 56 2.32 0.15
3.44 2.37 Random: 80 2.33 0.14
3.44 2.36 Random: 21 2.33 0.13
3.44 2.36 Random: 39 2.33 0.12
3.44 2.36 Random: 71 2.33 0.14
3.44 2.36 Random: 77 2.33 0.14
3.44 2.36 Random: 53 2.33 0.14
3.44 2.36 Random: 52 2.33 0.14
3.45 2.36 Random: 46 2.33 0.16
3.45 2.36 Random: 60 2.33 0.14
3.45 2.63 Random: 2 2.28 0.1
3.45 2.63 Simple: 19 2.28 0.14
3.45 2.63 Simple: 14 2.27 0.14
3.45 2.63 Simple: 8 2.27 0.12
3.45 2.36 Random: 44 2.33 0.14
3.46 2.64 Simple: 20 2.27 0.13
3.46 2.36 Random: 67 2.33 0.14
3.46 2.36 Random: 72 2.33 0.13
3.46 2.65 Simple: 15 2.27 0.14
3.47 2.35 Random: 37 2.33 0.13
3.47 2.35 Random: 49 2.33 0.13
3.47 2.67 Simple: 16 2.27 0.14
3.48 2.35 Random: 36 2.33 0.15
3.49 2.35 Random: 55 2.33 0.15
3.49 2.69 Simple: 9 2.27 0.12
3.5 2.35 Random: 45 2.34 0.14
3.5 2.35 Random: 48 2.34 0.13
3.52 2.35 Random: 38 2.34 0.12
3.54 2.74 Random: 3 2.26 0.03
3.54 2.74 Simple: 13 2.26 0.14
3.57 2.36 Random: 28 2.35 0.16
3.57 2.77 Random: 13 2.26 0.08
3.57 2.36 Random: 41 2.35 0.14
3.57 2.36 Random: 22 2.35 0.12
3.58 2.37 Random: 12 2.35 0.14
3.6 2.37 Random: 32 2.35 0.13
3.61 2.8 Simple: 10 2.26 0.12
3.61 2.8 Random: 15 2.25 0.07
3.63 2.82 Simple: 11 2.25 0.11
3.66 2.4 Random: 19 2.36 0.16
3.68 2.42 Random: 11 2.36 0.14
3.73 2.9 Simple: 4 2.24 0.09
3.75 2.45 Random: 16 2.37 0.14
3.83 2.95 Simple: 12 2.24 0.12
3.84 2.5 Random: 10 2.38 0.11
4.06 2.62 Random: 4 2.39 0.17
4.21 3.17 Simple: 3 2.21 0.09
4.21 3.17 Simple: 2 2.21 0.11
7.09 4.05 Simple: 1 2.11 0
